170201
170203
170204
170205
170206
170207
170209
170210
170211
170212
170213
170214
170215
170216
170217
170219
170220
170221
170222
170223
170224
170225
170226
170227
170228
170301
170303
170304
170306
170307
170308
170309
170310
170311
170312
170314
170315
170316
170317
170318
170319
170320
170321
170322
170323
170324
170325
170326
170327
170328
170329
170330
170331
170402
170403
170404
170405
170407
170408
170409
170410
170411
170412
170413
170414
170415
170416
170417
170418
170419
170420
170421
170422
170423
170424
170425
170426
170427
170428
170429
170430
170501
